MutationType	Monopogen	SAMtools	Scomatic	Strelka2	VarScan2	WES	freebayes	scAllele	scMutrace
A[C>A]A	0	2	0	585	9	3	8	21	0
A[C>A]C	0	3	0	477	2	3	22	20	0
A[C>A]G	0	0	0	126	1	0	1	1	0
A[C>A]T	0	1	0	392	2	2	4	11	0
A[C>G]A	0	1	0	300	0	2	2	3	0
A[C>G]C	0	4	0	251	0	2	5	3	0
A[C>G]G	0	0	0	96	0	0	0	0	0
A[C>G]T	0	0	0	212	0	1	0	1	0
A[C>T]A	0	2	0	431	0	6	4	23	0
A[C>T]C	3	8	10	369	15	35	42	46	6
A[C>T]G	0	6	0	161	2	16	11	12	0
A[C>T]T	0	6	4	300	6	23	16	44	1
A[T>A]A	0	2	1	255	11	8	8	10	3
A[T>A]C	0	1	0	377	1	2	4	9	0
A[T>A]G	0	3	1	371	5	3	8	15	1
A[T>A]T	0	1	1	374	1	5	2	13	0
A[T>C]A	2	5	0	308	9	4	12	23	1
A[T>C]C	0	3	0	426	3	2	10	32	0
A[T>C]G	2	4	1	562	6	5	8	31	0
A[T>C]T	1	4	0	405	2	3	9	31	0
A[T>G]A	1	2	0	577	2	0	5	4	0
A[T>G]C	1	0	0	778	1	0	4	5	0
A[T>G]G	0	1	0	893	2	2	3	14	0
A[T>G]T	0	0	0	779	1	1	2	4	0
C[C>A]A	0	3	1	954	2	6	17	42	0
C[C>A]C	0	0	0	931	0	4	13	5	0
C[C>A]G	0	1	0	337	0	1	2	3	0
C[C>A]T	0	2	0	861	1	4	43	6	0
C[C>G]A	0	0	0	414	1	3	3	3	0
C[C>G]C	0	0	0	396	0	0	10	3	0
C[C>G]G	0	0	0	154	0	1	0	5	0
C[C>G]T	0	2	0	344	1	4	13	1	0
C[C>T]A	2	9	10	691	11	89	31	46	6
C[C>T]C	4	24	14	602	34	103	58	73	11
C[C>T]G	1	1	7	276	4	32	9	23	4
C[C>T]T	5	15	16	547	24	141	89	127	12
C[T>A]A	0	3	0	177	4	3	4	7	2
C[T>A]C	0	0	0	515	0	4	2	7	1
C[T>A]G	0	1	2	624	1	7	3	6	4
C[T>A]T	1	2	1	549	0	2	3	4	0
C[T>C]A	0	4	0	257	6	2	7	24	0
C[T>C]C	0	10	0	816	9	4	16	52	1
C[T>C]G	0	14	0	829	8	1	24	68	0
C[T>C]T	1	6	0	731	14	14	63	166	0
C[T>G]A	0	1	0	408	1	0	2	1	0
C[T>G]C	0	2	0	1221	1	0	25	1	0
C[T>G]G	0	6	0	1241	4	0	26	24	0
C[T>G]T	0	2	0	1121	2	2	44	11	2
G[C>A]A	0	2	0	654	5	4	7	30	0
G[C>A]C	1	0	0	710	1	1	21	11	0
G[C>A]G	0	0	0	247	0	1	0	3	0
G[C>A]T	1	2	0	655	2	1	7	13	0
G[C>G]A	0	4	0	326	2	2	4	8	0
G[C>G]C	0	0	0	294	0	1	5	9	0
G[C>G]G	0	0	1	211	1	2	0	2	0
G[C>G]T	0	1	1	293	1	2	3	10	0
G[C>T]A	1	1	0	589	4	18	9	25	0
G[C>T]C	2	7	5	632	9	40	47	47	3
G[C>T]G	1	4	0	355	1	35	2	17	0
G[C>T]T	0	6	2	505	8	25	19	86	1
G[T>A]A	0	0	0	200	0	1	5	1	0
G[T>A]C	0	0	0	377	1	2	18	9	0
G[T>A]G	0	1	1	527	2	4	20	4	1
G[T>A]T	0	1	0	456	0	1	30	8	0
G[T>C]A	1	3	0	327	2	0	10	29	0
G[T>C]C	0	3	0	418	5	2	18	42	0
G[T>C]G	0	8	0	540	5	0	22	43	0
G[T>C]T	0	1	2	394	6	9	20	41	0
G[T>G]A	0	1	0	473	0	0	8	2	0
G[T>G]C	0	0	0	751	2	0	5	0	0
G[T>G]G	0	0	0	950	2	2	18	14	0
G[T>G]T	1	3	0	560	3	0	12	14	1
T[C>A]A	0	1	0	697	0	3	6	13	0
T[C>A]C	0	0	2	835	0	11	7	8	0
T[C>A]G	0	0	0	197	0	2	0	3	0
T[C>A]T	1	1	1	766	2	10	3	18	1
T[C>G]A	1	0	0	314	1	4	3	5	0
T[C>G]C	0	1	0	366	0	1	11	5	0
T[C>G]G	0	1	1	81	1	1	1	3	0
T[C>G]T	0	0	0	385	3	3	3	7	0
T[C>T]A	3	9	6	455	17	84	37	112	15
T[C>T]C	16	29	22	559	63	207	104	309	27
T[C>T]G	6	7	6	133	11	58	16	27	6
T[C>T]T	5	19	13	575	57	150	66	190	14
T[T>A]A	0	3	0	225	4	3	6	17	0
T[T>A]C	0	1	0	533	2	2	2	3	0
T[T>A]G	1	0	1	477	2	3	2	4	0
T[T>A]T	0	0	1	553	0	6	0	4	0
T[T>C]A	0	0	1	313	1	5	6	19	0
T[T>C]C	1	10	0	564	9	2	31	93	1
T[T>C]G	0	1	0	507	0	3	2	18	0
T[T>C]T	2	4	1	598	6	3	12	33	0
T[T>G]A	1	0	0	436	0	0	2	1	0
T[T>G]C	0	1	0	1137	0	0	3	3	0
T[T>G]G	0	1	0	725	4	5	4	7	1
T[T>G]T	0	5	0	1027	1	1	6	6	0
