MutationType	scATAC_scMutrace	scATAC_pub	scRNA_scMutrace	WGS_AML	WGS_headSCC	WGS_skin	WGS_MPN	scATA_scMutrace_DX	scATA_scMutrace_REL	scATA_scMutrace_REM	scRNA_scMutrace_DX	scRNA_scMutrace_REL	scRNA_scMutrace_REM
A[C>A]A	92	11	37	533	1486	13302	1209	82	73	38	28	30	25
A[C>A]C	153	27	34	313	674	7276	652	146	123	64	22	26	22
A[C>A]G	50	30	10	50	159	1256	109	45	40	26	7	9	8
A[C>A]T	61	11	26	268	771	8602	562	53	46	25	22	20	19
A[C>G]A	78	23	31	320	734	7251	710	73	67	37	19	25	21
A[C>G]C	84	21	13	108	409	4631	251	79	64	42	9	12	8
A[C>G]G	38	17	3	45	134	2012	94	36	30	21	2	0	3
A[C>G]T	87	26	36	170	734	8298	419	83	69	46	30	31	25
A[C>T]A	273	46	93	947	1751	16094	2324	258	197	116	82	73	51
A[C>T]C	226	48	57	569	1004	141459	1359	213	174	110	49	42	39
A[C>T]G	433	75	113	2245	3308	13881	4797	407	335	191	88	95	77
A[C>T]T	200	40	73	781	1200	68380	1818	189	148	99	63	64	54
A[T>A]A	28	9	16	278	473	31391	696	24	20	19	13	12	13
A[T>A]C	49	10	15	213	376	9708	570	43	41	19	10	11	9
A[T>A]G	52	11	26	213	390	11778	473	50	30	20	23	23	11
A[T>A]T	32	6	23	317	850	72566	605	29	27	17	19	18	15
A[T>C]A	295	43	181	649	1306	19046	1412	277	224	124	139	157	126
A[T>C]C	80	37	35	241	509	6771	488	73	66	44	33	28	24
A[T>C]G	375	49	175	453	742	12328	966	350	274	173	140	138	134
A[T>C]T	272	43	146	730	1190	26247	1542	256	201	119	118	112	97
A[T>G]A	34	10	21	147	273	10394	320	33	30	17	18	16	17
A[T>G]C	22	4	14	48	149	5696	111	20	14	12	8	10	14
A[T>G]G	73	12	19	165	260	12404	344	68	57	33	16	16	13
A[T>G]T	44	8	33	115	545	11543	254	39	30	21	23	23	26
C[C>A]A	72	26	14	440	1669	30924	1028	67	56	43	11	10	11
C[C>A]C	134	68	23	272	793	10329	494	124	95	69	20	17	17
C[C>A]G	65	72	6	56	267	4226	118	61	50	28	5	6	4
C[C>A]T	75	55	25	410	1293	22071	559	69	57	33	17	20	20
C[C>G]A	86	18	21	131	504	4209	286	79	70	49	20	18	14
C[C>G]C	152	55	23	98	357	4465	231	144	115	68	21	22	11
C[C>G]G	93	87	8	39	160	2815	94	87	72	50	7	6	4
C[C>G]T	149	23	39	145	652	6879	326	133	111	83	32	31	30
C[C>T]A	292	46	59	652	1966	434220	1479	271	228	119	52	47	45
C[C>T]C	324	123	52	1160	1491	539995	1677	300	251	155	40	39	39
C[C>T]G	579	153	77	1199	2659	64671	2361	537	467	269	65	64	54
C[C>T]T	322	83	69	1437	1747	466711	2613	298	244	143	57	58	47
C[T>A]A	26	8	11	202	282	7066	284	24	20	14	10	10	7
C[T>A]C	34	18	7	174	357	9064	283	30	24	12	5	5	5
C[T>A]G	64	28	18	242	384	6066	350	61	49	34	15	15	11
C[T>A]T	26	16	13	240	490	18779	347	26	18	12	8	8	7
C[T>C]A	105	18	50	294	552	14079	574	100	82	43	42	39	33
C[T>C]C	78	52	22	336	608	9440	637	76	60	35	15	17	14
C[T>C]G	264	70	63	300	517	8629	582	251	212	130	55	50	48
C[T>C]T	149	21	32	354	865	49954	721	137	118	69	25	27	23
C[T>G]A	31	13	25	65	235	3701	147	31	22	17	20	21	18
C[T>G]C	63	25	25	74	202	5643	140	59	47	29	22	20	15
C[T>G]G	107	34	30	78	338	9403	217	96	87	55	21	24	19
C[T>G]T	64	13	26	123	968	20036	210	58	40	28	17	22	15
G[C>A]A	97	19	26	504	1989	6965	723	88	72	57	23	22	19
G[C>A]C	155	37	22	293	650	3731	428	148	121	83	19	15	16
G[C>A]G	110	38	9	59	177	755	125	103	81	64	7	7	1
G[C>A]T	70	16	20	309	1118	4536	444	64	51	34	17	14	13
G[C>G]A	58	23	13	140	301	2598	306	51	46	19	10	10	9
G[C>G]C	75	21	11	122	280	3790	225	70	56	38	11	8	10
G[C>G]G	27	82	1	32	74	1228	86	24	20	7	0	1	1
G[C>G]T	69	29	16	116	363	4606	220	63	47	31	14	14	11
G[C>T]A	156	45	46	477	1540	11363	1221	139	121	71	34	37	34
G[C>T]C	201	82	24	615	1300	93692	1569	191	146	90	17	17	19
G[C>T]G	296	141	39	1277	3007	11919	2708	274	214	141	29	32	25
G[C>T]T	221	69	56	813	1279	100725	2232	205	166	94	45	50	42
G[T>A]A	26	2	7	81	206	6372	194	23	17	16	5	7	5
G[T>A]C	26	12	7	97	186	3692	200	22	20	11	3	4	5
G[T>A]G	34	12	9	109	229	5755	273	33	28	12	7	6	5
G[T>A]T	16	6	12	129	287	11386	340	15	13	8	8	12	5
G[T>C]A	124	17	55	265	752	8345	549	120	83	59	46	43	39
G[T>C]C	68	32	16	203	604	5046	381	61	55	33	13	14	13
G[T>C]G	171	51	54	222	581	6936	418	158	135	82	45	48	37
G[T>C]T	136	23	51	350	814	79233	737	129	105	66	36	46	40
G[T>G]A	19	10	9	56	141	2909	151	19	14	11	6	7	4
G[T>G]C	20	15	5	59	112	2730	137	18	17	8	3	4	4
G[T>G]G	50	41	7	210	242	15375	854	41	36	20	6	5	5
G[T>G]T	29	14	13	85	487	18765	179	28	25	14	12	12	9
T[C>A]A	76	17	31	317	2310	17726	532	71	55	30	27	25	21
T[C>A]C	98	15	24	233	1425	18884	431	91	84	44	16	19	14
T[C>A]G	45	21	8	51	297	1575	80	41	34	26	3	5	7
T[C>A]T	83	13	35	410	2861	21498	491	81	65	33	29	24	22
T[C>G]A	93	18	31	146	8235	8061	278	89	74	51	23	28	19
T[C>G]C	114	30	15	88	1834	8942	285	108	93	56	12	14	11
T[C>G]G	36	24	5	33	518	1771	46	31	29	14	5	3	4
T[C>G]T	170	38	55	273	9101	18667	553	152	134	89	40	46	36
T[C>T]A	179	39	74	418	11668	1251874	925	171	142	80	63	65	44
T[C>T]C	269	66	50	541	3743	2171760	1261	247	210	138	40	38	34
T[C>T]G	279	53	80	947	3181	435129	1875	264	200	142	67	64	51
T[C>T]T	220	43	73	623	6848	791854	1597	203	166	103	54	60	49
T[T>A]A	36	7	18	245	1074	23234	448	34	28	17	14	14	10
T[T>A]C	29	7	6	114	337	14048	243	27	25	8	4	5	3
T[T>A]G	24	4	10	113	288	8102	245	24	17	12	8	8	5
T[T>A]T	37	10	18	243	771	94168	592	34	28	15	12	13	10
T[T>C]A	126	20	67	327	864	49641	614	122	96	59	54	56	47
T[T>C]C	78	32	33	219	752	19645	443	70	61	33	24	32	28
T[T>C]G	104	28	55	216	486	18761	395	97	79	57	41	40	38
T[T>C]T	126	27	67	411	1117	42743	955	121	96	51	52	57	46
T[T>G]A	53	10	29	289	409	12189	527	44	40	25	25	22	21
T[T>G]C	48	8	13	90	261	9528	153	40	34	22	11	11	8
T[T>G]G	72	18	18	114	434	10577	279	65	51	37	15	13	15
T[T>G]T	65	9	31	253	1138	32461	471	59	49	24	24	27	25
